/*--------------------------------*- C++ -*----------------------------------*\
  =========                 |
  \\      /  F ield         | OpenFOAM: The Open Source CFD Toolbox
   \\    /   O peration     | Website:  https://openfoam.org
    \\  /    A nd           | Version:  12
     \\/     M anipulation  |
\*---------------------------------------------------------------------------*/
FoamFile
{
    format      binary;
    class       faceSet;
    location    "1/polyMesh/sets";
    object      nonOrthoFaces;
}
// * * * * * * * * * * * * * * * * * * * * * * * * * * * * * * * * * * * * * //


6336
(
1736731 
720949 
1736758 
720950 
1736801 
1736869 
1736964 
164113 
1737282 
983652 
950906 
950912 
950920 
1737418 
1737440 
1737442 
951024 
99129 
99131 
1016663 
1737560 
1016665 
1737686 
1639408 
918606 
918607 
853092 
853095 
853096 
853100 
853101 
853105 
853106 
853109 
853110 
853111 
853114 
853116 
820363 
820364 
820369 
853143 
853192 
853193 
853214 
853287 
853291 
1738029 
853295 
853298 
1738050 
1738053 
1738055 
1738058 
1738062 
1738065 
1738068 
1738071 
1738074 
1738076 
1738079 
1738086 
1738089 
1738092 
1738096 
1738099 
1738102 
1738105 
1738111 
1738115 
984465 
984466 
853424 
853426 
1738165 
1738168 
1738170 
1738174 
1738177 
1738180 
1738196 
1738203 
1738206 
1738212 
1738246 
1738259 
1738260 
1738264 
1738270 
1738271 
1738275 
1738276 
1738282 
1738299 
853563 
1738304 
853568 
1738305 
1738311 
1738313 
1738340 
1738347 
1738348 
1738353 
853618 
1738357 
1738368 
1738369 
1738374 
1738375 
1738378 
853657 
1738394 
1738395 
1738400 
1738404 
1705 
1738411 
853677 
1738416 
1738417 
1738421 
1738425 
1738428 
1738429 
1738433 
1738434 
1738436 
1738470 
1738471 
853738 
1738481 
1738482 
853746 
1738483 
1738488 
1738489 
1738490 
1738492 
1738493 
1738494 
1738495 
1738497 
1738500 
1738501 
1738503 
1738505 
1738509 
1738514 
1738515 
1738516 
1738517 
1738518 
1738519 
853799 
1738553 
1738556 
1738559 
1738560 
1738561 
1738562 
1738568 
1738571 
1738574 
1738577 
1738582 
1738583 
1738588 
1738591 
1738593 
1738596 
1738599 
1738600 
1738606 
1738608 
1738613 
1738623 
1738624 
1738626 
1738627 
1738629 
1738630 
1738632 
1738633 
1738634 
1738640 
1738641 
1738648 
1738652 
1738653 
1738654 
1738657 
1738659 
1738660 
1738664 
1738665 
1738666 
1738667 
1738669 
1738670 
1738677 
1738678 
1738679 
1738681 
1738682 
1738683 
1738685 
1738691 
1738692 
1738693 
1738694 
1738696 
1738697 
1738701 
1738702 
1738704 
1738705 
1738708 
1738709 
1738710 
952278 
1738712 
952280 
1738714 
952283 
1738716 
1738718 
1738720 
1738721 
1738723 
1738727 
1738728 
722920 
1738729 
1738731 
1738735 
1738736 
1738737 
1738741 
1738742 
1738744 
1738746 
1738750 
1738751 
1738752 
1738756 
1738758 
1738760 
1738761 
1738762 
1738763 
1738764 
1738766 
1738776 
1738777 
1738783 
1738786 
1738792 
1738794 
1738795 
1738796 
1738797 
1738799 
1738805 
1738810 
1738813 
1738814 
1738817 
1738822 
1738827 
1738831 
1738832 
1738836 
1738838 
1738854 
1738856 
1738857 
1738858 
1738861 
1738862 
1738864 
1738870 
1738871 
1738872 
1738878 
1738880 
1738882 
1738883 
1738889 
1738891 
1738893 
1738894 
1738895 
1738896 
1738902 
1738915 
1738916 
1738917 
1738919 
1738920 
1738922 
1738924 
1738942 
1738943 
1738953 
1738954 
1739000 
1739001 
2297 
2298 
2300 
2301 
2304 
1739021 
1739023 
1739026 
1739027 
1739028 
1739031 
1739032 
1739033 
1739037 
1739038 
1739039 
952607 
952608 
1739041 
1739043 
1739044 
952612 
1739045 
1739047 
1739050 
1739052 
1739053 
1739054 
1739056 
1739057 
1739059 
1739062 
1739064 
1739066 
1739068 
2366 
1739071 
2367 
1739072 
2369 
1739074 
1739077 
1739078 
1739080 
1739082 
1739084 
1739085 
1739086 
1739087 
1739089 
1739092 
1739093 
1739094 
952662 
952663 
1739096 
1739100 
1739101 
1640797 
919901 
1739103 
919903 
1739104 
1739106 
919906 
1739107 
1739108 
1739109 
919909 
1739110 
1739111 
919911 
67943 
67944 
1739115 
1739117 
67949 
1739118 
1739120 
67952 
1739122 
1739125 
1739128 
1739130 
1739131 
1739132 
1739135 
1739137 
919937 
1739139 
1739142 
1739145 
1739146 
1739147 
1739149 
1739151 
1739152 
1739155 
1739157 
1739158 
1739160 
1739162 
1739165 
1739167 
1739171 
1739174 
1739181 
1739182 
1739184 
1739185 
1739188 
1739189 
1739190 
1739193 
1739194 
1739195 
1739196 
1739198 
1739199 
1739201 
1739202 
1739204 
1739206 
1739208 
1739209 
1739214 
1018318 
1739215 
1739217 
1739218 
1739219 
1739221 
1739223 
1739226 
1739227 
1739230 
1739231 
1739233 
1739238 
1739239 
1739241 
1739242 
1739243 
1739246 
1739247 
1739249 
1739251 
1739253 
1739255 
1739257 
1739260 
1739261 
1739263 
1739266 
1739268 
1739269 
854535 
854539 
1739276 
1739278 
1739279 
1739281 
1739283 
1739285 
1739288 
1739289 
1739290 
1739291 
1739294 
1739295 
1739296 
1739297 
1739299 
1739300 
1739302 
1739304 
1739313 
1739316 
1739317 
1739319 
1739321 
1739323 
1739325 
1739326 
1739327 
1739330 
1739332 
1739333 
1739336 
1739338 
1739339 
1739341 
1739344 
1739346 
1739347 
1739348 
1739349 
1739352 
1739353 
2649 
1739354 
1739357 
1739358 
1739360 
1739363 
1739367 
1739368 
1739372 
1739373 
1739376 
1739378 
1739380 
1739382 
1739388 
1739389 
1739391 
1739392 
1739394 
1739395 
1739396 
1739398 
1739401 
1739404 
1739405 
1739407 
1739408 
1739410 
1739414 
1739415 
1739418 
1739422 
1739423 
1739424 
1739426 
1739428 
1739429 
1739432 
1739436 
1739437 
854704 
854705 
1739442 
854706 
1739443 
1739445 
1739447 
1739448 
1739452 
1739454 
1739455 
1739456 
1739457 
1739459 
1739462 
1739463 
1739466 
1739467 
1739468 
1739470 
1739471 
1739472 
1739475 
1739478 
1739479 
1739481 
1739482 
1739484 
1739485 
1739488 
1739489 
1739491 
1739494 
1739495 
1739498 
1739501 
1739504 
1739508 
1739511 
1739512 
1739513 
1739515 
1739517 
854781 
1739518 
1739520 
1739523 
854787 
1739524 
854788 
1739526 
1739528 
1739530 
1739531 
1739533 
1739535 
854800 
1739539 
1739540 
1739541 
1739542 
1739545 
1739546 
1739548 
1739550 
1739551 
1739552 
1739554 
1739556 
1739560 
1739562 
1739564 
1739566 
1739567 
1739569 
1739570 
1739573 
1739574 
1739576 
1739579 
1739581 
1739582 
1739584 
1739586 
1739587 
1739588 
1739590 
1739591 
1739594 
1739596 
1739600 
1739602 
854871 
854872 
1739609 
1739610 
854874 
1739612 
1739613 
1739617 
1739619 
1739624 
1739626 
1739630 
1739631 
1739632 
1739634 
1739635 
1739636 
1739638 
1739640 
953208 
1739641 
953209 
1739643 
1739644 
953212 
1739646 
1739647 
1739650 
953218 
1739651 
1739653 
1739656 
1739657 
1739659 
1739660 
1739662 
1739665 
1739666 
953234 
1739667 
953235 
953236 
953237 
1739670 
1739672 
953240 
1739673 
1739675 
1739677 
1739680 
854944 
1739681 
1739685 
1739686 
1739688 
1739690 
1739692 
1739694 
1739696 
1739699 
1739700 
1739702 
1739703 
854968 
1739705 
1739707 
1739708 
1739710 
1739712 
1739713 
1739716 
1739717 
1739722 
1739724 
1739725 
1739727 
1739730 
1739731 
1739732 
1739734 
1739738 
1739740 
1739741 
1739743 
1739746 
855011 
1739748 
855012 
1739749 
1739750 
1739752 
1739757 
1739761 
1739763 
1739764 
1739765 
1739769 
1739770 
1739772 
1739773 
1739775 
1739777 
1739778 
1739780 
1739781 
1739782 
1739784 
1739787 
1739789 
1739791 
1739803 
1739805 
1739807 
1739809 
1739810 
1739812 
1739813 
1739814 
1739815 
1739817 
1739818 
1739828 
1739832 
1739833 
1739838 
1739840 
1739850 
1739851 
1739852 
1739854 
1739855 
1739857 
1739858 
1739859 
68692 
1739862 
1739865 
1739868 
1739871 
1739874 
1051747 
1739877 
1739880 
1739883 
1739886 
1739890 
1739891 
1739893 
1739895 
1739897 
1739898 
1739899 
1739904 
1739905 
855169 
855170 
1739908 
1739913 
1739914 
1739917 
1739918 
855182 
1739921 
1739923 
1739925 
1739929 
1739930 
1739932 
1739935 
1739936 
1739937 
1739939 
1739941 
1739943 
1739944 
1739946 
1739951 
1739953 
1739954 
1739959 
1739960 
1739961 
1739963 
1739964 
1739965 
1739966 
1739969 
1739970 
1739972 
1739973 
855238 
1739975 
1739978 
1739980 
1739981 
1739983 
1739985 
1739986 
1739988 
855252 
1739989 
855253 
1739990 
1739991 
855255 
1739992 
855256 
855257 
855258 
1739995 
1739998 
1740000 
1740004 
1740006 
1740007 
1740009 
1740010 
1740011 
1740014 
1740015 
1740016 
1740018 
1740021 
1740022 
1740024 
1740026 
1740027 
1740033 
1740035 
1740036 
1740038 
1740039 
1740042 
1740044 
1740045 
1740046 
1740051 
1740053 
1740055 
1740056 
1740059 
1740060 
1740061 
1740063 
855328 
1740065 
855329 
1740066 
1740069 
1740070 
1740071 
1740075 
855339 
1740076 
1740077 
1740080 
1740081 
1740083 
1740085 
1740086 
1740087 
1740089 
1740090 
1740093 
1740096 
1740097 
1740100 
1740102 
1740105 
1740107 
953675 
1740109 
953677 
953679 
1740112 
1740114 
953682 
1740115 
1740117 
1740118 
1740119 
1740122 
1740125 
1740127 
1740128 
1740130 
1740132 
1740134 
1740135 
1740136 
1740138 
1740141 
1740144 
1740145 
1740146 
1740147 
1740148 
1740150 
1740151 
1740157 
1740158 
1740160 
1740162 
1740164 
1740168 
1740170 
1740171 
1740173 
1740174 
1740175 
1740176 
1740177 
1740210 
1740211 
1740213 
1740214 
855488 
1740231 
1740233 
1740235 
1740243 
1740244 
1740257 
1740258 
1740260 
1740262 
1740265 
1740280 
1740281 
1740283 
1740290 
1740292 
1740293 
1740295 
1740296 
1740305 
1740324 
1740325 
1740327 
1740328 
1740329 
1740330 
1740333 
1740341 
1740349 
1740352 
1740354 
1740368 
1740370 
1740371 
1740375 
1740376 
1740379 
1740382 
1740384 
1740387 
1740389 
1740390 
1740393 
1740395 
1740397 
1740398 
1740404 
1740421 
1740424 
36505 
1740453 
1740455 
1740456 
1740458 
1740459 
1740465 
1740466 
1740472 
1740487 
1740497 
1740498 
1740503 
1740506 
1740512 
1740515 
1740520 
1740521 
1740522 
1740527 
1740534 
1740536 
1740557 
1740572 
1740574 
1740575 
1740577 
1740581 
1740582 
1740583 
1740584 
1740587 
1740591 
1740592 
1740598 
1740599 
1740600 
954180 
1740615 
1740617 
1740618 
1740620 
1740622 
1740625 
1740626 
1740627 
1740629 
1740631 
1740639 
1740640 
1740646 
1740647 
1740648 
1740650 
1740653 
1740655 
1740656 
921456 
921458 
921460 
921461 
921463 
1740664 
1740665 
1740667 
1740668 
1740669 
1740671 
1740674 
1740677 
1740681 
1740682 
1740683 
1740684 
1740685 
1740688 
1740690 
1740691 
1740693 
1740696 
1740699 
1740700 
1740703 
1740705 
1740707 
1740709 
1740710 
1740711 
1740717 
1740724 
1740725 
1740726 
1740736 
1740738 
1740749 
1740751 
1740752 
1740755 
1740760 
1740763 
1740767 
1740768 
1740769 
1740770 
1740771 
1740773 
1740775 
1740778 
1740779 
1740782 
1740783 
1740785 
1740788 
1740789 
856054 
1740791 
1740792 
954360 
954361 
1740794 
954362 
954365 
1740802 
1740803 
1740806 
1740807 
1740809 
1740811 
1740815 
1740817 
1740820 
1740823 
1740825 
4121 
1740826 
4123 
1740828 
1740832 
1740833 
1740837 
1740838 
1740840 
1740849 
1740855 
1740856 
1740858 
1740859 
1740861 
1740864 
1740867 
1740870 
1740872 
1740873 
1740884 
1740887 
36953 
954462 
954463 
1740899 
1740900 
954468 
1740902 
1740904 
1740906 
1740908 
1740911 
1740912 
1740914 
1740915 
1740917 
1740919 
1740922 
1740923 
1740924 
1740926 
1740927 
1740929 
1740931 
1740934 
1740944 
1740946 
1740949 
1740952 
1740954 
1740957 
1740976 
1740981 
1740982 
1740991 
1740992 
1740995 
1740996 
1740997 
1741001 
1741003 
1741006 
1741008 
1741013 
1741014 
1741019 
1741020 
1741021 
1741029 
1741031 
1741032 
1741038 
1741041 
1741048 
1741054 
1741056 
4352 
1741058 
1741068 
1741069 
1741072 
1741079 
1741080 
1741084 
1741086 
1741098 
1741118 
1741120 
1741130 
1741132 
1741133 
1741135 
1741136 
1741137 
1741165 
1741172 
1741173 
889211 
889212 
1741181 
1741183 
889217 
1741197 
1741198 
1741199 
1741203 
1741205 
1741207 
1741218 
1741220 
4520 
1741228 
1741229 
1741231 
1741232 
1741240 
1741241 
1741242 
1741243 
1741244 
1741246 
1741247 
1741261 
1741262 
1741264 
1741266 
1741292 
1741294 
1741295 
1741299 
1741303 
1741304 
1741317 
1741319 
1741320 
1741321 
1741332 
1741333 
1741335 
1741338 
1741340 
1741343 
1741355 
1741358 
1741360 
1741368 
1741369 
1741370 
1741371 
1741373 
1741375 
1741376 
1741379 
1741380 
1741381 
1741384 
1741385 
1741387 
856651 
1741389 
1741391 
1741393 
1741396 
1741398 
1741401 
1741403 
1741405 
1741406 
1741407 
1741408 
1741409 
1741410 
1741411 
1741412 
1741413 
1741417 
1741418 
1741419 
1741420 
1741421 
1741422 
1741423 
1741424 
1741435 
1741437 
1741438 
1741440 
1741442 
1741443 
1741445 
1741446 
1741448 
1741449 
1741450 
1741452 
1741453 
1741454 
1741456 
1741457 
1741459 
1741461 
1741462 
1741463 
1741464 
1741466 
1741467 
1741469 
1741471 
1741473 
1741475 
1741476 
1741479 
1741480 
1741482 
1741484 
1741485 
1741487 
1741488 
1741489 
1741490 
1741492 
1741493 
1741495 
1741497 
1741500 
1741502 
1741503 
1741513 
1741514 
1741516 
1741517 
1741518 
1741519 
1741520 
1741522 
1741524 
1741526 
1741528 
1741529 
1741533 
1741535 
1741536 
1741539 
1741540 
1741541 
1741543 
1741545 
1741548 
1741549 
1741550 
1741552 
1741553 
1741554 
1741556 
1741558 
1741559 
1741561 
1741562 
1741563 
1741565 
1741566 
1741567 
1741568 
1741570 
1741571 
1741573 
1741575 
1741577 
1741578 
1741580 
1741581 
1741583 
1741584 
1741586 
1741587 
1741588 
1741589 
1741591 
1741606 
1741607 
1741623 
1741624 
1741636 
1741639 
1741641 
1741644 
1741653 
1741656 
1741657 
1741667 
1741668 
1741677 
1741681 
1741686 
1741697 
1741701 
1741710 
1741712 
1741714 
1741716 
1741725 
1741727 
1741728 
1741734 
1741735 
1741736 
1741738 
1741764 
1741782 
1741783 
1741784 
1741795 
1741796 
1741799 
1741800 
1741801 
1741802 
1741807 
1741808 
1741810 
1741813 
1741814 
1741815 
1741816 
1741838 
1741839 
1741840 
1741846 
1741848 
1741849 
1741851 
1741852 
1741853 
1741854 
1741856 
1741857 
1741859 
1741860 
1741863 
1741864 
1741867 
1741869 
1741870 
1741871 
1741873 
1741875 
1741876 
1741878 
1741880 
1741882 
1741885 
1741887 
1741889 
1741891 
1741892 
1741893 
922694 
1741895 
1741898 
1741899 
1741900 
1741902 
1741904 
1741915 
1741930 
70788 
70789 
70794 
70795 
70804 
1741976 
1741979 
169118 
169120 
1741986 
1741987 
169125 
1741995 
1741998 
169134 
1742001 
1742011 
169158 
1742035 
1742037 
1742038 
1742041 
1742043 
1742045 
1742049 
1742054 
1742056 
1742062 
1742071 
1742072 
1742074 
1742075 
1742077 
1742082 
1742083 
1742087 
1742089 
1742092 
1742098 
1742099 
1742100 
1742101 
1742102 
1742104 
1742106 
1742109 
1742110 
1742111 
1742112 
1742114 
1742115 
1742117 
1742118 
1742120 
1742146 
1742147 
1742148 
1742150 
1742154 
1742163 
1742164 
1742170 
1742171 
1742173 
1742174 
1742197 
1742218 
1742222 
1742224 
1742227 
1742228 
1742236 
1742237 
1742248 
1742249 
1742253 
1742254 
1742269 
1742270 
1742274 
923080 
923081 
923085 
1742290 
1742291 
1742327 
1742328 
1742329 
1742330 
1742332 
1742334 
1742338 
1742345 
71177 
1742347 
1742351 
1742352 
1742353 
1742361 
1742363 
1742373 
1742374 
1742388 
1742392 
1742394 
1742396 
1742399 
1742403 
1742406 
1742407 
1742408 
1742413 
1742417 
1742419 
1742420 
1742422 
1742424 
1742427 
1742429 
1742430 
1742437 
1742440 
1742443 
1742445 
1742446 
1742451 
1742452 
1742475 
1742476 
857744 
1742485 
1742487 
956062 
1742499 
71331 
1742500 
1742504 
1742506 
1742507 
1742519 
1742520 
1742524 
1742530 
1742531 
1742534 
1742536 
1742538 
1742546 
1742547 
1742550 
1742559 
1742562 
1742566 
1742567 
1742573 
1742574 
1742580 
1742581 
1742583 
1742584 
1742585 
1742592 
1742605 
1742614 
1742615 
1742617 
857881 
1742621 
1742628 
1742633 
1742637 
1742638 
1742640 
1742648 
1742650 
857916 
857917 
1742664 
1742665 
1742670 
1742671 
1742672 
1742673 
1742677 
1742682 
1742685 
1742690 
857955 
857956 
1742698 
1742699 
1742700 
1742703 
857967 
1742704 
857969 
1742709 
1742710 
1742711 
1742712 
1742715 
1742729 
1742740 
858005 
1742745 
1742752 
858016 
1742753 
1742756 
1742757 
1742774 
1742775 
1742778 
1742780 
1742781 
1742787 
1742790 
989130 
989131 
1742796 
1742797 
1742798 
1742799 
858064 
858065 
1742803 
1742804 
1742806 
726998 
1742808 
1742810 
1742811 
1742813 
1742819 
1742820 
1742828 
1742832 
38896 
1742833 
1742834 
1742835 
1742840 
1742844 
858116 
1742853 
1742854 
1742855 
1742856 
1742857 
1742863 
1742864 
1742865 
1742867 
1742868 
1742871 
1742875 
1742876 
1742878 
1742884 
1742886 
1742889 
1742890 
1742891 
1742893 
1742900 
1742903 
1742905 
1742908 
1644604 
1742909 
1742917 
1742918 
1742919 
1742920 
1742922 
1742924 
1742925 
1742946 
1742947 
1742949 
1742952 
1742953 
890986 
890988 
890989 
1742960 
890992 
1742963 
891045 
1743040 
891088 
891096 
891097 
891103 
1743110 
1743194 
858471 
858483 
858484 
989713 
1645153 
858779 
72406 
72409 
72411 
72425 
72435 
138026 
138028 
1743697 
1743704 
1743731 
1743740 
1743757 
1743760 
1743761 
1743766 
1743781 
1743782 
1743783 
1743784 
859165 
72745 
859250 
1743999 
1744110 
1744146 
1744172 
1744173 
1744175 
1744177 
1744179 
1744182 
1744184 
1744185 
1744189 
1744191 
1744192 
1744193 
1744196 
1744198 
1744201 
1744203 
1744205 
1744207 
1744211 
1744216 
1744220 
1744221 
1744222 
1744223 
1744229 
1744230 
1744232 
1744233 
1744235 
1744240 
1744243 
1744244 
1744250 
1744251 
1744253 
1744258 
1744260 
1744262 
1744265 
1744267 
1744268 
1744270 
1744272 
1744274 
1744276 
1744278 
1744280 
1744281 
1744283 
1744286 
1744288 
1744292 
1744293 
1744298 
1744300 
1744301 
1744304 
1744306 
1744307 
1744314 
1744315 
1744318 
1744319 
1744321 
1744322 
1744324 
1744326 
1744327 
859595 
1744332 
859596 
1744334 
1744335 
1744341 
1744342 
1744344 
1744347 
1744353 
1744356 
1744359 
1744362 
1744365 
1744368 
1744375 
1744377 
1744380 
1744381 
1744388 
1744389 
1744391 
1744403 
1744407 
1744409 
1744412 
1744414 
1744419 
1744421 
1744423 
1744425 
1744427 
1744429 
1744430 
1744433 
1744434 
1744436 
1744439 
1744441 
1744443 
1744444 
1744447 
1744451 
1744457 
1744464 
1744466 
1744467 
1744468 
1744470 
859735 
1744472 
859736 
859738 
1744475 
1744476 
1744482 
1744484 
1744485 
1744488 
1744489 
1744490 
1744492 
1744493 
1744496 
1744497 
1744498 
1744501 
1744504 
1744505 
892538 
1744507 
1744509 
1744510 
1744511 
892544 
1744513 
892545 
1744515 
1744519 
1744520 
1744523 
1744527 
1744528 
1744529 
1744531 
1744533 
1744538 
1744539 
1744542 
1744545 
1744547 
1744548 
1744553 
1744554 
1744556 
1744558 
1744562 
1744565 
1744566 
1744569 
1744576 
1744580 
1744581 
1744583 
1744588 
1744589 
1744591 
1744592 
1744594 
1744595 
1744598 
1744600 
1744601 
1744603 
1744605 
1744609 
1744611 
1744612 
1744613 
1744614 
1744616 
1744620 
1744622 
1744624 
1744629 
1744631 
1744632 
1744635 
1744636 
1744638 
1744640 
1744642 
1744646 
1744647 
1744649 
1744653 
1744656 
1744658 
1744661 
1744662 
1744664 
1744665 
1744669 
1744672 
1744674 
1744675 
1744677 
1744678 
1744681 
1744686 
1744688 
1744690 
1744692 
1744693 
1744696 
1744699 
1744701 
1744703 
1744706 
1744707 
1744708 
1744709 
1744711 
1744712 
1744715 
1744718 
1744719 
1744720 
1744722 
1744727 
1744731 
1744732 
1744734 
1744738 
1744741 
1744742 
1744745 
1744750 
1744751 
1744753 
1744755 
1744758 
1744761 
1744764 
1744769 
237442 
237443 
1744772 
1744773 
1744777 
1744779 
1744781 
1744783 
1744786 
1744787 
1744788 
1744790 
1744791 
1744794 
1744796 
1744801 
1744802 
1744804 
1744806 
1744809 
1744811 
1744813 
1744815 
1744816 
1744819 
1744821 
1744823 
1744831 
1744832 
1744834 
1744836 
1744841 
1744842 
1744845 
1744846 
1744847 
1744849 
1744851 
1744852 
40919 
1744856 
40920 
1744857 
40921 
40922 
1744860 
1744861 
1744863 
1744864 
1744866 
1744869 
1744871 
1744874 
1744875 
1744877 
1744879 
1744881 
1744885 
1744886 
1744889 
1744890 
1744894 
1744895 
1744898 
1744904 
1744905 
1744910 
1744912 
1744913 
1744917 
1744918 
1744921 
1744924 
106525 
1744926 
1744928 
1744930 
1744934 
1744936 
1744940 
1744941 
1744947 
1744948 
1744949 
1744950 
1744960 
1744961 
1744966 
1744970 
1744971 
1744972 
1744976 
1744979 
1744980 
1744982 
1744985 
1744986 
1744989 
1744990 
1744992 
1744996 
1744998 
1744999 
1745002 
1745004 
1745006 
1745010 
1745012 
1745014 
1745018 
1745021 
860285 
860286 
1745023 
860291 
1745028 
1745029 
73861 
1745036 
1745038 
1745039 
1745041 
1745042 
1745050 
1745051 
1745054 
1745056 
860320 
1745058 
860323 
860324 
860329 
1745067 
1745068 
1745070 
1745072 
860336 
1745073 
860337 
1745075 
1745076 
860342 
1745081 
1745082 
1745084 
1745086 
860351 
1745088 
860352 
1745090 
1745095 
1745096 
1745098 
1745102 
1745105 
1745108 
1745110 
1745113 
1745115 
860379 
1745119 
1745121 
1745123 
1745125 
1745127 
860391 
1745130 
1745133 
1745134 
860398 
860399 
1745136 
1745137 
1745139 
1745140 
1745142 
893176 
1745145 
893178 
893180 
1745150 
1745151 
1745153 
1745155 
860421 
860422 
860428 
1745165 
860430 
1745167 
1745168 
1745171 
1745173 
1745174 
1745182 
1745184 
1745186 
1745189 
1745191 
860456 
1745196 
1745198 
1745199 
1745201 
1745206 
1745208 
1745209 
1745213 
1745214 
860482 
1745219 
1745220 
1745223 
1745224 
1745226 
1745231 
1745234 
1745237 
1745239 
1745240 
1745242 
1745244 
1745246 
1745249 
1745253 
1745254 
1745257 
1745258 
1745260 
1745262 
1745263 
1745264 
1745273 
1745275 
1745276 
1745283 
1745285 
1745286 
1745288 
1745294 
1745295 
1745297 
1745299 
1745303 
1745305 
41370 
1745307 
1745309 
860576 
1745322 
1745323 
860588 
1745325 
860589 
1745330 
1745332 
1745333 
1745334 
1745338 
860603 
860604 
1745342 
1745361 
1745387 
1745395 
1745398 
1745408 
1745409 
1745412 
1745415 
1745440 
1745451 
1745453 
860718 
1745456 
1745460 
1745469 
1745476 
1745477 
1745497 
1745498 
1745500 
1745504 
41569 
1745506 
41571 
1745509 
1745510 
41574 
1745511 
1745512 
1745520 
1745532 
1745533 
1745541 
1745542 
1745544 
1745546 
1745549 
1745550 
1745552 
1745556 
1745557 
1745561 
1745562 
926367 
1745571 
1745572 
1745585 
1745586 
1745587 
860852 
1745589 
1745591 
1745596 
860865 
1745603 
1745604 
107205 
107207 
1745608 
107208 
860873 
107210 
860875 
107211 
1745616 
1745621 
1745622 
1745624 
1745628 
860895 
1745632 
860896 
1745633 
1745634 
1745639 
1745640 
1745643 
1745645 
1745648 
1745649 
1745651 
860919 
1745656 
860920 
1745663 
1745666 
1745668 
1745673 
1745674 
1745677 
1745680 
762641 
1745686 
1745687 
1745688 
1745692 
1745693 
860957 
860958 
860959 
1745696 
860961 
1745698 
860962 
860963 
860964 
1745703 
1745704 
1745711 
1745713 
1745715 
1745717 
1745720 
1745724 
1745727 
1745735 
1745737 
926539 
926540 
1745741 
1745742 
1745744 
926544 
1745749 
1745760 
1745765 
1745766 
1745767 
1745783 
1745784 
1745788 
1745790 
1745796 
1745798 
1745801 
1745803 
1745806 
1745808 
1745815 
1745817 
1745825 
1745832 
1745833 
1745834 
1745837 
1745847 
1745849 
1745850 
1745863 
1745881 
1745890 
1745892 
1745897 
1745900 
1745905 
1745910 
893942 
1745912 
1745916 
1745920 
1745921 
1745928 
1745929 
1745930 
861195 
1745932 
861196 
1745934 
861199 
1745936 
861200 
1745943 
861207 
1745944 
861208 
861214 
1745952 
1745956 
1745957 
1745962 
1745964 
1745967 
1745971 
1745973 
1745975 
1745977 
1745980 
1745986 
1745987 
1745992 
1745994 
1745997 
1745998 
1746000 
1746013 
1746014 
1746016 
1746019 
926821 
1746037 
1746039 
1746042 
1746043 
1746045 
1746047 
1746049 
1746051 
1746055 
1746057 
1746058 
1746062 
1746066 
1746067 
1746069 
1746073 
1746075 
1746079 
1746081 
1746082 
1746086 
1746093 
1746094 
1746097 
1746100 
1746102 
1746104 
1746106 
1746108 
1746111 
1746112 
1746113 
1746115 
1746117 
1746122 
1746125 
1746126 
1746128 
1746130 
1746132 
1746137 
1746139 
1746141 
1746149 
1746151 
1746153 
1746157 
1746158 
1746160 
1746162 
1746164 
1746167 
1746169 
1746170 
1746171 
1746178 
1746179 
1746181 
1746183 
1746184 
1746186 
1746189 
1746191 
1746192 
1746194 
1746197 
1746198 
1746199 
1746201 
1746202 
1746203 
1746205 
1746206 
1746207 
1746208 
1746209 
1746212 
1746213 
1746214 
1746217 
1746218 
1746219 
1746220 
1746222 
1746224 
1746227 
1746229 
1746239 
1746242 
1746244 
1746248 
1746250 
1746252 
1746261 
1746270 
1746272 
1746280 
1746283 
1746285 
1746287 
1746293 
861558 
1746305 
1746307 
1746308 
861574 
1746311 
1746314 
1746317 
1746326 
894382 
894384 
1746361 
861634 
861635 
861638 
1746385 
1746387 
1746389 
1746395 
1746396 
1746397 
1746399 
1746409 
1746411 
1746414 
1746417 
1746431 
1746435 
1746436 
1746437 
1746438 
1746439 
1746440 
1746441 
1746442 
1746443 
1746444 
1746448 
1746449 
1746452 
1746454 
1746456 
1746473 
1746483 
1746485 
1746487 
1746495 
1746496 
763465 
1746521 
1746523 
1746532 
1746552 
1746554 
1746555 
1746559 
1746567 
1746568 
1746570 
861845 
861846 
1746597 
1746599 
1746611 
1746612 
1746613 
1746616 
1746617 
1746635 
1746636 
1746638 
1746656 
1746671 
1746672 
1746673 
1746674 
1746675 
1746676 
1746677 
1746678 
1746679 
1746681 
1746682 
1746683 
1746684 
1746686 
1746687 
1746688 
1746689 
1746690 
1746691 
1746692 
42756 
42757 
42759 
1746696 
1746697 
1746700 
1746701 
1746702 
1746704 
1746705 
1746707 
1746708 
1746709 
1746710 
1746712 
1746714 
1746715 
1746716 
1746717 
1746718 
1746719 
1746720 
1746722 
1746724 
1746725 
1746726 
1746727 
1746728 
1746730 
1746731 
1746732 
1746733 
1746734 
1746735 
1746737 
1746738 
1746742 
1746746 
1746748 
1746749 
1746751 
1746752 
1746753 
1746756 
1746757 
1746758 
1746759 
1746761 
1746762 
1746763 
1025867 
1746764 
1746766 
1746771 
1746772 
1746773 
1746774 
1746779 
1746780 
862044 
1746781 
862045 
1746783 
862047 
862048 
1746785 
1746786 
1746787 
1746788 
1746789 
1746790 
1746791 
1746792 
1746794 
1746795 
1746796 
1746797 
1746799 
1746806 
1746810 
1746834 
1746839 
1746840 
1746844 
862131 
1746873 
1746877 
1746909 
1746911 
1746912 
1746923 
1746926 
1746928 
1746929 
1746930 
1746931 
1746932 
1746939 
1746940 
1746941 
1746945 
1746946 
1746948 
1746950 
1746952 
1746954 
1746956 
1746957 
1746958 
1746959 
1746960 
1746962 
1746964 
1746965 
1746966 
1746971 
1746988 
1746996 
1747000 
1747010 
1747023 
1747031 
1747037 
1747042 
1747051 
1747070 
1747071 
1747073 
1747081 
1747083 
1747084 
1747085 
1747086 
1747087 
1747089 
1747090 
1747092 
1747094 
1747095 
1747096 
1747098 
1747099 
1747100 
1747101 
1747102 
1747103 
1747104 
1747105 
1747106 
1747107 
1747108 
1747111 
1747112 
1747114 
1747115 
1747126 
1747133 
927951 
1747154 
927956 
927957 
1747166 
960735 
960736 
1747169 
1747170 
1747171 
1747172 
1747174 
1747175 
1747176 
1747177 
1747178 
1747179 
1747181 
1747182 
1747183 
1747186 
1747190 
1747191 
1747194 
1747196 
1747207 
1747214 
1747221 
1747225 
862518 
862519 
1747258 
1747259 
862526 
862527 
862529 
1747266 
862530 
862531 
862532 
1747270 
1747274 
1747275 
1747276 
862540 
1747277 
862541 
1747278 
862542 
1747279 
862543 
1747280 
1747282 
1747283 
1747285 
1747286 
1747287 
1747288 
1747290 
1747291 
1747292 
1747293 
1747296 
239975 
862568 
862578 
862579 
1747317 
1747319 
1747324 
1747325 
1747326 
1747327 
1747328 
862592 
1747329 
1747330 
895362 
1747331 
1747337 
862602 
1747339 
1747354 
1747357 
1747361 
1747363 
1747368 
1747370 
1747372 
1747377 
1747378 
1747382 
1747386 
1747388 
1747389 
1747391 
1747392 
1747395 
1747397 
1747404 
1747413 
1747421 
1747430 
1747436 
1747437 
928239 
862703 
928249 
1747452 
1747453 
1747478 
1747483 
1747486 
1747493 
1747498 
1747504 
1747513 
1747515 
1747527 
1747530 
1747539 
1747563 
1747575 
862842 
1747589 
1747600 
1747621 
1747630 
993976 
1747688 
1747693 
994057 
994059 
994060 
994063 
1747729 
994069 
994070 
1747774 
1747784 
863117 
961428 
1747867 
863198 
76796 
1747967 
896007 
44168 
44169 
1748143 
1748148 
863417 
1748173 
1748175 
1748178 
1748180 
1748184 
1748185 
1748187 
863458 
863477 
863500 
1748300 
863747 
863748 
962059 
962060 
962061 
896667 
995040 
929517 
929524 
77770 
77776 
77784 
77889 
864351 
864355 
864384 
864385 
864398 
864403 
864404 
864408 
864434 
864435 
864521 
864571 
864574 
864599 
864615 
864638 
864642 
864646 
45484 
45486 
45489 
45492 
45494 
45520 
864856 
963181 
963182 
963189 
864911 
864949 
930491 
864988 
111371 
865052 
13087 
13088 
865061 
13093 
865092 
996191 
996192 
996194 
865140 
1717274 
996378 
1717276 
898094 
898098 
898103 
898105 
898271 
898273 
898283 
898288 
898294 
865540 
865542 
1717512 
865544 
865554 
865555 
865561 
865564 
865565 
865571 
996667 
79187 
79189 
144726 
144728 
79192 
865637 
865664 
898438 
898439 
898443 
898450 
898458 
898461 
865707 
865775 
964142 
964144 
964145 
112189 
112190 
964164 
865870 
964207 
996980 
996981 
996994 
996995 
79522 
79523 
79527 
79577 
79578 
866188 
47093 
47095 
47097 
47098 
47100 
866324 
866346 
866348 
768057 
866466 
866592 
80181 
80182 
80185 
80191 
80207 
80208 
80209 
80210 
80213 
997755 
964987 
997756 
964989 
997761 
14950 
14952 
14953 
14956 
866935 
866956 
866959 
866961 
866964 
866968 
866971 
866974 
866977 
15009 
866980 
866982 
866985 
866992 
866995 
866998 
867002 
867005 
867008 
867011 
867017 
15052 
867021 
15060 
15061 
15067 
867080 
867083 
867086 
867090 
867093 
80663 
80665 
867099 
80667 
80670 
867124 
867133 
867136 
867142 
867191 
867205 
867206 
867210 
867216 
867217 
867221 
867222 
867228 
867245 
867250 
867251 
867258 
867260 
146387 
1719258 
867296 
867306 
867307 
867312 
867316 
867327 
867328 
867333 
867334 
867337 
867354 
867355 
867360 
867364 
867371 
867376 
867377 
867381 
867385 
867388 
867389 
867394 
867395 
867397 
867438 
867439 
867449 
867450 
867451 
867456 
867457 
867458 
867460 
867461 
867462 
867463 
867465 
867468 
867469 
867471 
867473 
867477 
867482 
867483 
867484 
867485 
867486 
867487 
867521 
867524 
867527 
867528 
867529 
867530 
867536 
867539 
867542 
867545 
867550 
867551 
867556 
867559 
867561 
867564 
867567 
867568 
867576 
48377 
867578 
867583 
867594 
867595 
867597 
867598 
867600 
867601 
867603 
867604 
867605 
867611 
867612 
965919 
867620 
867624 
867625 
867626 
81195 
867629 
867631 
867632 
867636 
867637 
867638 
867639 
867641 
867642 
867649 
867650 
867651 
867653 
867654 
867655 
867657 
867663 
867664 
867665 
867666 
867668 
867669 
867673 
867674 
867676 
867677 
867680 
867681 
867682 
867684 
867686 
867688 
867690 
867692 
867693 
867695 
867699 
867700 
867701 
867703 
867707 
867708 
867709 
867713 
867714 
867716 
867718 
867722 
867723 
867724 
867728 
867730 
867732 
867733 
867734 
867735 
867736 
867738 
867748 
867749 
769450 
867755 
998828 
998830 
867758 
867764 
867766 
867767 
867768 
867769 
867771 
867777 
867782 
867785 
867786 
867789 
867794 
867799 
867803 
867804 
867808 
867810 
81386 
81387 
81388 
81391 
867826 
867828 
867829 
867830 
867833 
867834 
867836 
867842 
867843 
867844 
867850 
867852 
867854 
867855 
867861 
867863 
867865 
867866 
867867 
867868 
867874 
867887 
867888 
867889 
867891 
867892 
867894 
867896 
867914 
867915 
81488 
81489 
867925 
867926 
81494 
1719919 
1719920 
867972 
867973 
48775 
48776 
48780 
867993 
867995 
867998 
867999 
868000 
868003 
868004 
868005 
868009 
868010 
868011 
868013 
868015 
868016 
868017 
179890 
868019 
868022 
868024 
868025 
868026 
868028 
868029 
868031 
868034 
868036 
868038 
868040 
868043 
868044 
868046 
868049 
868050 
868052 
868054 
868056 
868057 
868058 
868059 
868061 
868064 
868065 
868066 
868068 
868072 
868073 
868075 
868076 
868078 
868079 
868080 
868081 
868082 
868083 
868087 
868089 
868090 
868092 
868094 
868097 
868100 
868102 
868103 
868104 
868107 
868109 
868111 
868114 
868117 
868118 
868119 
868121 
868123 
868124 
868127 
868129 
868130 
868132 
868134 
868137 
868139 
868143 
868146 
868153 
868154 
868156 
868157 
868160 
868161 
868162 
868165 
868166 
868167 
868168 
868170 
868171 
868173 
868174 
868176 
868178 
868180 
868181 
868186 
868187 
868189 
868190 
868191 
868193 
868195 
868198 
868199 
868202 
868203 
868205 
868210 
868211 
868213 
868214 
868215 
868218 
868219 
868221 
868223 
868225 
868227 
868229 
868232 
868233 
868235 
868238 
868240 
868241 
868248 
868250 
868251 
868253 
868255 
868257 
868260 
868261 
868262 
868263 
868266 
868267 
868268 
868269 
868271 
868272 
868274 
868276 
868285 
868288 
868289 
868291 
868293 
868295 
868297 
868298 
868299 
868302 
868304 
868305 
868308 
868310 
868311 
868313 
868316 
868318 
868319 
868320 
868321 
868324 
966629 
868325 
868326 
868329 
868330 
868332 
868335 
868339 
868340 
868344 
868345 
868348 
868350 
868352 
868354 
966664 
868360 
868361 
868363 
868364 
868366 
868367 
868368 
868370 
868373 
868376 
868377 
868379 
868380 
868382 
868386 
868387 
868390 
868394 
868395 
868396 
868398 
868400 
868401 
868404 
868408 
868409 
868414 
868415 
868417 
868419 
868420 
868424 
868426 
868427 
868428 
868429 
868431 
868434 
868435 
868438 
868439 
868440 
868442 
868443 
868444 
868447 
868450 
868451 
868453 
868454 
868456 
868457 
868460 
868461 
868463 
868466 
868467 
868470 
868473 
868476 
868480 
868483 
868484 
868485 
868487 
868489 
868490 
868492 
868495 
868496 
868498 
868500 
868502 
868503 
868505 
868507 
868511 
868512 
868513 
868514 
868517 
868518 
868520 
868522 
868523 
868524 
868526 
868528 
868532 
868534 
868536 
868538 
868539 
868541 
868542 
868545 
868546 
868548 
868551 
868553 
868554 
868556 
868558 
868559 
868560 
1032401 
868562 
868563 
868566 
868568 
868572 
868574 
16611 
868581 
868582 
868584 
868585 
16617 
16618 
868589 
868591 
868596 
868598 
868602 
868603 
868604 
868606 
868607 
868608 
868610 
868612 
868613 
868615 
868616 
868618 
868619 
868622 
868623 
868625 
868628 
868629 
868631 
868632 
868634 
868637 
868638 
868639 
868642 
868644 
868645 
868647 
868649 
868652 
868653 
868657 
868658 
868660 
868662 
868664 
868666 
868668 
868671 
868672 
868674 
868675 
868677 
868679 
868680 
868682 
868684 
868685 
868688 
868689 
868694 
868696 
868697 
868699 
868702 
868703 
868704 
868706 
868710 
868712 
868713 
999786 
868715 
999788 
868718 
868720 
868721 
868722 
868724 
868729 
868733 
868735 
868736 
868737 
868741 
868742 
868744 
868745 
868747 
868749 
868750 
868752 
868753 
868754 
868756 
868759 
868761 
868763 
868775 
868777 
868779 
868781 
868782 
868784 
868785 
868786 
868787 
868789 
868790 
868800 
868804 
868805 
868810 
868812 
868822 
868823 
868824 
868826 
868827 
868829 
868830 
868831 
868834 
868837 
868840 
868843 
868846 
868849 
868852 
868855 
868858 
868862 
868863 
868865 
901634 
901635 
868867 
868869 
868870 
868871 
868876 
868877 
868880 
868885 
868886 
868889 
868890 
868893 
868895 
868897 
868901 
868902 
868904 
868907 
868908 
868909 
868911 
868913 
868915 
868916 
868918 
868923 
868925 
868926 
868931 
868932 
868933 
868935 
868936 
868937 
868938 
868941 
868942 
868944 
868945 
868947 
868950 
868952 
868953 
868955 
868957 
868958 
868960 
868961 
868962 
868963 
868964 
868967 
868970 
868972 
868976 
868978 
868979 
868981 
868982 
868983 
868986 
868987 
868988 
868990 
868993 
868994 
868996 
868998 
868999 
869005 
869007 
869008 
869010 
869011 
869014 
869016 
869017 
869018 
869023 
869025 
869027 
869028 
869031 
869032 
869033 
869035 
869037 
869038 
869041 
869042 
869043 
869047 
869048 
869049 
869052 
869053 
869055 
869057 
869058 
869059 
869061 
869062 
869065 
869068 
869069 
869072 
869074 
869077 
869079 
869081 
869084 
869086 
869087 
869089 
869090 
869091 
869094 
869097 
869099 
869100 
869102 
869104 
869106 
869107 
869108 
869110 
869113 
869116 
869117 
869118 
869119 
869120 
869122 
869123 
869129 
869130 
869132 
869134 
869136 
869140 
869142 
869143 
869145 
869146 
869147 
869148 
869149 
869182 
869183 
869185 
869186 
869203 
869205 
869207 
869215 
869216 
869229 
869230 
869232 
869234 
869237 
17271 
17273 
17275 
869252 
869253 
869255 
869262 
869264 
869265 
869267 
869268 
869277 
869296 
869297 
869299 
869300 
869301 
869302 
869305 
869313 
869321 
869324 
869326 
869340 
869342 
869343 
869347 
869348 
869351 
869354 
1033196 
869356 
1033199 
869359 
869361 
869362 
869365 
869367 
869369 
869370 
869376 
869393 
869396 
869425 
869427 
869428 
869430 
869431 
869437 
869438 
869444 
869459 
869469 
869470 
869475 
869478 
869484 
869487 
869492 
869493 
869494 
869499 
869506 
869508 
869529 
869545 
869547 
869548 
869550 
869554 
869555 
869556 
869557 
869560 
869564 
869565 
869571 
869572 
869573 
869588 
869590 
869591 
869593 
869595 
869598 
869599 
869600 
83168 
869602 
869604 
869612 
869613 
869619 
869620 
869621 
869623 
869626 
869628 
869629 
869637 
869638 
869640 
869641 
869642 
869644 
869647 
869650 
869654 
869655 
869656 
869657 
869658 
869661 
869663 
869664 
869666 
869669 
869672 
869673 
869676 
869678 
869680 
869682 
869683 
869684 
869690 
869697 
869698 
869699 
869709 
869711 
869722 
869724 
869725 
869728 
869733 
869736 
869740 
869741 
869742 
869743 
869744 
869746 
869748 
869751 
869752 
869755 
869756 
869758 
869761 
869762 
869764 
869765 
869767 
869775 
869776 
869779 
869780 
869782 
869784 
869788 
869790 
869793 
869796 
869798 
869799 
869801 
869805 
869806 
869810 
869811 
869813 
869822 
869828 
869829 
869831 
869832 
869834 
869837 
869840 
869843 
869845 
869846 
869857 
869860 
968174 
869873 
869874 
968180 
869876 
869878 
869880 
869882 
869885 
869886 
869888 
869889 
869891 
869893 
869896 
869897 
869898 
869900 
869901 
869903 
869905 
869908 
869918 
869920 
869923 
869926 
869928 
869931 
1590842 
869950 
869955 
869956 
869965 
869966 
869969 
869970 
869971 
869975 
869977 
869980 
869982 
869987 
869988 
869993 
869994 
869995 
870003 
870005 
870006 
870012 
1590910 
870015 
870022 
870028 
870030 
870032 
870042 
870043 
870046 
18083 
870053 
870054 
870058 
870060 
870072 
870092 
870094 
870104 
870106 
870107 
870109 
870110 
870111 
870139 
870146 
870147 
870155 
870157 
870171 
870172 
870173 
1591072 
870177 
870179 
870181 
1591080 
1591083 
870192 
870194 
870202 
870203 
870205 
870206 
870214 
870215 
870216 
870217 
870218 
870220 
870221 
870235 
870236 
870238 
870240 
1689462 
870266 
870268 
870269 
870273 
870277 
870278 
870291 
870293 
870294 
870295 
870306 
870307 
870309 
870312 
870314 
870317 
870329 
870332 
870334 
870342 
870343 
870344 
870345 
870347 
870349 
870350 
870353 
870354 
870355 
870358 
870359 
870361 
870363 
870365 
870367 
870370 
870372 
870375 
870377 
870379 
870380 
870381 
870382 
870383 
870384 
870385 
870386 
870387 
870391 
870392 
870393 
870394 
870395 
870396 
870397 
870398 
870409 
870411 
870412 
870414 
870416 
870417 
870419 
870420 
870422 
870423 
870424 
870426 
870427 
870428 
870430 
870431 
870433 
870435 
870436 
870437 
870438 
870440 
870441 
870443 
870445 
870447 
870449 
870450 
870453 
870454 
870456 
870458 
870459 
870461 
870462 
870463 
870464 
870466 
870467 
870469 
870471 
870474 
870476 
870477 
870487 
870488 
870490 
870491 
870492 
870493 
870494 
870496 
870498 
870500 
18533 
870502 
870503 
18535 
870507 
870509 
870510 
870513 
870514 
870515 
870517 
870519 
870522 
870523 
870524 
870526 
870527 
870528 
870530 
870532 
870533 
870536 
870537 
870538 
870540 
870541 
870542 
870543 
870545 
870546 
870548 
870550 
870552 
870553 
870555 
870556 
870558 
870559 
870561 
870562 
870563 
870564 
870566 
870581 
870582 
116924 
116925 
870598 
870599 
870611 
870614 
870616 
870619 
870628 
870631 
870632 
870642 
870643 
870652 
870656 
870661 
870672 
870676 
870685 
870687 
870689 
870691 
870700 
870702 
870703 
870709 
870710 
870711 
870713 
870739 
870757 
870758 
870759 
870770 
870771 
870774 
870775 
870776 
870777 
870782 
870783 
870785 
870788 
870789 
870790 
870791 
870813 
870814 
870815 
870821 
870823 
870824 
870826 
870827 
870828 
870829 
870831 
870832 
870834 
870835 
870838 
870839 
870842 
870844 
870845 
870846 
870848 
870850 
870851 
870853 
870855 
870857 
870860 
870862 
870864 
870866 
870867 
870868 
870870 
870873 
870874 
870875 
870877 
870879 
870890 
870905 
870951 
870954 
870961 
870962 
1591862 
1591863 
1591864 
870970 
870973 
870976 
870986 
871010 
871012 
871013 
871016 
871018 
871020 
871024 
871029 
871031 
871037 
871046 
871047 
871049 
871050 
871052 
871057 
871058 
871062 
871064 
871067 
871073 
871074 
871075 
871076 
871077 
871079 
871081 
871084 
871085 
871086 
871087 
871089 
871090 
871092 
871093 
871095 
871121 
871122 
871123 
871125 
871129 
871138 
871139 
1592037 
1592039 
871145 
871146 
871148 
871149 
871172 
117524 
871193 
871197 
871199 
871202 
871203 
871211 
871212 
871223 
871224 
871228 
871229 
871244 
871245 
871249 
871265 
871266 
871302 
871303 
871304 
871305 
871307 
871309 
871313 
871320 
871322 
871326 
871327 
871328 
871336 
871338 
871348 
871349 
871363 
871367 
871369 
871371 
871374 
871378 
871381 
871382 
871383 
871388 
871392 
871394 
871395 
871397 
871399 
871402 
871404 
871405 
871412 
871415 
871418 
52218 
871420 
871421 
871426 
871427 
871450 
871451 
871460 
871462 
871474 
871475 
871479 
871481 
871482 
871494 
871495 
871499 
871505 
871506 
871509 
871511 
871513 
871521 
871522 
19555 
871525 
871534 
871537 
871541 
871542 
871548 
871549 
871555 
871556 
871558 
871559 
871560 
773262 
871567 
871580 
871589 
871590 
871592 
871596 
52400 
52401 
871603 
52405 
871608 
871612 
871613 
871615 
871623 
871625 
871639 
871640 
871645 
871646 
871647 
871648 
871652 
871657 
871660 
871665 
871673 
871674 
871675 
871678 
871679 
871684 
871685 
871686 
871687 
871690 
1592600 
871704 
1592601 
871715 
871720 
871727 
871728 
871731 
871732 
871749 
871750 
871753 
871755 
871756 
871762 
871765 
871771 
871772 
871773 
871774 
871778 
871779 
871781 
871783 
871785 
871786 
871788 
871794 
871795 
871803 
871807 
871808 
871809 
871810 
871815 
871819 
871828 
871829 
871830 
871831 
871832 
871838 
871839 
871840 
871842 
871843 
871846 
871850 
871851 
871853 
871859 
871861 
871864 
871865 
871866 
871868 
871875 
871878 
871880 
871883 
871884 
871892 
871893 
871894 
871895 
871897 
871899 
871900 
52703 
871921 
871922 
871924 
871927 
871928 
871935 
871938 
872017 
872087 
773811 
1035984 
872171 
20247 
1724269 
1724272 
1724273 
1724277 
1724278 
1724282 
1724283 
1724286 
1724287 
1724288 
1724291 
1724293 
1724320 
1724356 
1724357 
1724377 
1691626 
1691627 
1691632 
1724430 
1724434 
1724438 
1724441 
1724555 
1724557 
872677 
872684 
872711 
1724685 
872720 
1724690 
872737 
872740 
872741 
872746 
872761 
872762 
872763 
872764 
1724740 
1724779 
1724799 
1724860 
1724868 
20960 
1724921 
872984 
53870 
53875 
53876 
873095 
873131 
873157 
873158 
873160 
873162 
873164 
873167 
873169 
873170 
873174 
873176 
873177 
873178 
873181 
873183 
873186 
873188 
873190 
873192 
873196 
873201 
873205 
873206 
873207 
873208 
873214 
873215 
873217 
873218 
873220 
873225 
873228 
873229 
873235 
873236 
873238 
873243 
873245 
873247 
873250 
873252 
873253 
873255 
873257 
873259 
873261 
873263 
873265 
873266 
873268 
873271 
873273 
873277 
873278 
873283 
873285 
873286 
873289 
873291 
873292 
873299 
873300 
873303 
873304 
873306 
873307 
873309 
873311 
873312 
873317 
873319 
873320 
873326 
873327 
873329 
873332 
873338 
873341 
873344 
873347 
873350 
873353 
873360 
873362 
873365 
873366 
873373 
873374 
873376 
873388 
54188 
873392 
873394 
873397 
54198 
873399 
873404 
873406 
873408 
873410 
873412 
873414 
873415 
971720 
971722 
873418 
873419 
873421 
873424 
873426 
873428 
873429 
873432 
873436 
873442 
873449 
873451 
873452 
873453 
873455 
873457 
873460 
873461 
873467 
873469 
873470 
873473 
873474 
873475 
873477 
873478 
873481 
873482 
873483 
873486 
873489 
873490 
873492 
873494 
873495 
873496 
873498 
873500 
873504 
873505 
873508 
873512 
873513 
873514 
873516 
873518 
873523 
873524 
873527 
873530 
873532 
873533 
873538 
873539 
873541 
873543 
873547 
873550 
873551 
873554 
873561 
873565 
873566 
873568 
873573 
873574 
873576 
873577 
873579 
873580 
873583 
873585 
873586 
873588 
873590 
873594 
873596 
873597 
873598 
873599 
873601 
1594499 
873605 
873607 
873609 
873614 
873616 
873617 
873620 
873621 
873623 
873625 
873627 
873631 
873632 
873634 
873638 
873641 
873643 
873646 
873647 
873649 
873650 
873654 
873657 
873659 
873660 
873662 
873663 
873666 
873671 
873673 
873675 
873677 
873678 
873681 
873684 
873686 
1725656 
873688 
873691 
1725660 
873692 
873693 
873694 
873696 
873697 
873700 
873703 
873704 
873705 
873707 
873712 
873716 
873717 
873719 
873723 
873726 
873727 
873730 
873735 
873736 
873738 
873740 
873743 
873746 
873749 
873754 
873757 
873758 
873762 
873764 
873766 
873768 
873771 
873772 
873773 
873775 
873776 
873779 
873781 
873786 
873787 
873789 
873791 
873794 
873796 
873798 
873800 
873801 
873804 
873806 
873808 
873816 
873817 
873819 
873821 
873826 
873827 
873830 
873831 
873832 
873834 
873836 
873837 
873841 
873842 
873845 
873846 
873848 
873849 
873851 
873854 
873856 
1725825 
1725826 
1725827 
873859 
873860 
873862 
873864 
873866 
873870 
873871 
873874 
873875 
873879 
873880 
873883 
873889 
873890 
873895 
873897 
873898 
873902 
873903 
873906 
873909 
873911 
873913 
873915 
873919 
873921 
873925 
873926 
873932 
873933 
1725902 
873934 
873935 
1725908 
1725909 
873945 
873946 
873951 
1725921 
873955 
873956 
873957 
873961 
873964 
873965 
873967 
873970 
873971 
873974 
873975 
873977 
873981 
873983 
873984 
873987 
873989 
873991 
873995 
873997 
873999 
874003 
874006 
874008 
874013 
874014 
874021 
874023 
1725992 
874024 
1725993 
874026 
1725995 
874027 
874035 
874036 
874039 
874041 
874043 
874052 
874053 
874055 
874057 
874058 
874060 
874061 
874066 
874067 
874069 
874071 
874073 
874075 
874080 
874081 
874083 
874087 
874090 
874093 
874095 
1726065 
874098 
874100 
874104 
874106 
874108 
874110 
874112 
874115 
874118 
874119 
1726089 
874121 
874122 
874124 
874125 
874127 
874130 
874135 
874136 
874138 
874140 
874150 
874152 
874153 
874156 
874158 
874159 
1726132 
1726133 
874167 
874169 
874171 
874174 
874176 
874181 
874183 
874184 
874186 
874191 
874193 
874194 
874198 
874199 
874204 
874205 
874208 
874209 
874211 
874216 
874219 
874222 
874224 
874225 
874227 
874229 
874231 
874234 
874238 
874239 
874242 
874243 
874245 
874247 
874248 
874249 
874258 
874260 
874261 
874268 
874270 
874271 
874273 
874279 
874280 
874282 
874284 
874288 
874290 
874292 
874294 
874307 
874308 
874310 
874315 
874317 
874318 
1726287 
874319 
1726288 
874323 
874327 
1726300 
874346 
874372 
874380 
874383 
1726356 
874393 
874394 
874397 
874400 
1726370 
1726371 
1726373 
1726374 
1726375 
1726376 
874425 
874436 
874438 
874441 
22474 
88012 
874445 
88013 
22478 
22483 
22485 
874454 
874461 
874462 
1726446 
1726447 
874482 
874483 
874485 
1726457 
874489 
874491 
874494 
874495 
874496 
874497 
874505 
874517 
874518 
874526 
874527 
874529 
874531 
874534 
874535 
874537 
874541 
874542 
874546 
874547 
874556 
874557 
874570 
874571 
874572 
874574 
874576 
874581 
874588 
874589 
874593 
874601 
874606 
874607 
874609 
874613 
874617 
874618 
874619 
874624 
874625 
874628 
874630 
874633 
874634 
22667 
874636 
22669 
1726606 
874641 
22679 
874648 
874651 
22684 
874653 
874658 
22690 
874659 
874662 
874665 
874671 
874672 
874673 
874677 
874678 
874681 
874683 
874688 
874689 
874696 
874698 
874700 
874702 
874705 
874709 
874712 
874720 
874722 
874726 
874727 
874729 
874734 
874745 
874750 
874751 
874752 
874768 
874769 
874773 
874775 
55579 
874781 
874783 
874786 
55586 
874788 
874791 
874793 
874800 
874802 
874810 
22843 
22844 
22848 
874817 
874818 
874819 
874822 
22855 
22863 
874832 
874834 
22866 
874835 
153950 
874848 
874866 
874875 
874877 
874882 
874885 
874890 
874895 
874897 
874901 
874905 
874906 
874913 
874914 
874915 
874917 
874919 
874921 
874928 
874929 
874937 
874941 
874942 
874947 
874949 
874952 
874956 
874958 
874960 
874962 
874965 
874971 
874972 
874977 
874979 
874982 
874983 
874985 
874998 
874999 
875001 
875004 
875022 
875024 
875027 
875028 
875030 
875032 
875034 
875036 
875040 
875042 
875043 
875047 
875051 
875052 
875054 
875058 
875060 
875064 
875066 
875067 
875071 
875078 
875079 
875082 
875085 
875087 
875089 
875091 
875093 
875096 
875097 
875098 
875100 
875102 
875107 
875110 
875111 
875113 
875115 
875117 
875122 
875124 
875126 
875134 
875136 
875138 
875142 
88710 
875143 
875145 
875147 
875149 
875152 
875154 
875155 
875156 
875163 
875164 
875166 
875168 
875169 
875171 
875174 
875176 
875177 
875179 
875182 
875183 
875184 
875186 
875187 
875188 
875190 
875191 
875192 
875193 
875194 
875197 
875198 
875199 
875202 
1727171 
875203 
875204 
875205 
875207 
875209 
875212 
875214 
875224 
875227 
875229 
875233 
875235 
875237 
875246 
875255 
875257 
875265 
875268 
875270 
875272 
875278 
875290 
875292 
875293 
875296 
875299 
875302 
875311 
875346 
875370 
875372 
875374 
875380 
875381 
875382 
875384 
875394 
875396 
875399 
875402 
875416 
875420 
875421 
875422 
875423 
875424 
875425 
875426 
875427 
875428 
875429 
875433 
875434 
875437 
875439 
875441 
875458 
875468 
875470 
875472 
875480 
875481 
875506 
875508 
875517 
875537 
875539 
121875 
875540 
875544 
875552 
875553 
875555 
875582 
875584 
875596 
875597 
875598 
875601 
875602 
875620 
121956 
875621 
121958 
875623 
121959 
121962 
121968 
121969 
875641 
875656 
875657 
875658 
875659 
875660 
875661 
875662 
875663 
875664 
875666 
875667 
875668 
875669 
875671 
875672 
875673 
875674 
875675 
875676 
875677 
875681 
875682 
875685 
875686 
875687 
875689 
875690 
875692 
875693 
875694 
875695 
875697 
875699 
875700 
875701 
875702 
875703 
875704 
875705 
875707 
875709 
875710 
875711 
875712 
875713 
875715 
875716 
875717 
875718 
875719 
875720 
941257 
941258 
875722 
875723 
941263 
875727 
941266 
875731 
875733 
875734 
875736 
875737 
875738 
875741 
875742 
875743 
875744 
875746 
875747 
875748 
875749 
875751 
875756 
875757 
875758 
875759 
875764 
875765 
875766 
875768 
875770 
875771 
875772 
875773 
875774 
875775 
875776 
875777 
89346 
875779 
89347 
875780 
89348 
875781 
875782 
875784 
875791 
1727762 
875795 
875819 
875824 
875825 
56626 
875829 
875858 
875862 
875894 
875896 
875897 
875908 
875911 
875913 
875914 
875915 
875916 
875917 
875924 
875925 
875926 
875930 
875931 
875933 
875935 
875937 
875939 
875941 
875942 
875943 
875944 
875945 
875947 
875949 
875950 
875951 
875956 
875973 
875981 
875985 
875995 
876008 
876016 
876022 
876027 
876036 
876055 
876056 
876058 
876066 
876068 
876069 
876070 
876071 
876072 
876074 
876075 
876077 
876079 
876080 
876081 
876083 
876084 
876085 
876086 
876087 
876088 
876089 
876090 
876091 
876092 
876093 
876096 
876097 
876099 
876100 
876111 
876118 
876139 
876151 
876154 
876155 
876156 
876157 
876159 
876160 
876161 
876162 
876163 
876164 
876166 
876167 
876168 
876171 
876175 
876176 
876179 
876181 
876192 
876199 
876206 
876210 
876243 
876244 
876251 
876255 
876259 
876260 
876261 
876262 
876263 
876264 
876265 
876267 
876268 
876270 
876271 
876272 
876273 
876275 
876276 
876277 
876278 
876281 
876302 
876304 
876309 
876310 
876311 
876312 
876313 
876314 
876315 
876316 
876322 
876324 
876339 
876342 
876346 
876348 
876353 
876355 
876357 
876362 
876363 
876367 
876371 
876373 
876374 
876376 
876377 
876380 
876382 
876389 
876398 
876406 
876415 
876421 
876422 
876437 
876438 
941993 
876463 
876468 
876471 
876478 
876483 
876489 
876498 
876500 
876512 
876515 
876524 
876548 
876560 
876574 
876585 
876606 
876615 
122951 
876673 
876678 
876714 
876759 
876769 
876852 
1728850 
90482 
90483 
90490 
876952 
1728987 
1729022 
1729023 
1729061 
1729062 
1729073 
1729075 
877128 
877133 
1040982 
1729111 
1040984 
1040989 
1729122 
1040998 
877158 
877160 
877163 
877165 
877169 
877170 
877172 
1041022 
1729170 
1729171 
1729222 
877288 
1729577 
1729589 
1729590 
1598556 
124111 
124112 
124114 
91452 
91454 
91455 
91474 
1729885 
91517 
124298 
124592 
26310 
26311 
1730271 
1730355 
911226 
944052 
944053 
944058 
944059 
944068 
124905 
124906 
124919 
124920 
878681 
1730697 
1730698 
92302 
92304 
846033 
846035 
1730837 
1730838 
1730840 
911646 
1009965 
1009967 
944441 
846272 
944595 
879212 
879213 
879215 
879216 
879219 
879278 
879279 
879281 
125696 
125697 
125702 
1731386 
1731387 
1731392 
1731421 
1731424 
1731425 
1731430 
1731437 
1731438 
1731443 
1731452 
1731453 
1731480 
1731491 
1731498 
1731499 
879536 
1731521 
1731522 
1731528 
1731530 
1731554 
1731580 
93243 
1731674 
1731686 
1731687 
1731701 
1731702 
1731815 
1109248 
1109249 
1731949 
1731962 
1731970 
1731972 
1731992 
1731993 
1732016 
1732017 
1732054 
1732055 
1732056 
1732058 
1732059 
1732060 
1732061 
945640 
945643 
945645 
945659 
945669 
1732289 
1732290 
1732293 
1732294 
1732301 
1732302 
1732308 
93961 
1634058 
945960 
93996 
126803 
126805 
978908 
1732652 
1732668 
1732728 
1732729 
1732732 
913533 
848022 
880885 
880887 
1732939 
1732940 
881088 
1733138 
1733139 
1733141 
1733142 
1634869 
881240 
1733225 
979570 
979572 
979573 
979575 
979576 
160495 
127769 
127771 
848716 
848717 
947052 
1733612 
1733613 
1733620 
1733621 
1733623 
1733624 
1733625 
1733626 
1733634 
1733635 
1733636 
1733637 
1733662 
1733672 
1733673 
1733686 
1733696 
1733797 
1733936 
95546 
95552 
161302 
161305 
1734211 
1734292 
1111778 
1734511 
1734552 
1734571 
1734594 
915488 
915489 
915490 
915491 
1734841 
1734842 
719085 
719160 
915939 
719335 
719344 
719347 
916136 
916138 
916141 
1735445 
1735449 
1735478 
1735479 
1735492 
1735497 
1735498 
1735502 
1735528 
1735529 
1735615 
818147 
1735665 
1735668 
1735693 
1735709 
1735732 
1735736 
1735740 
1735950 
720182 
720183 
720184 
1736005 
1736043 
1736082 
1736146 
1736155 
720362 
720364 
1736186 
1736234 
949945 
917260 
917261 
917263 
1736634 
1736636 
1736638 
1736648 
1736649 
1736655 
1736658 
1736659 
1736665 
)

// ************************************************************************* //
