/*--------------------------------*- C++ -*----------------------------------*\
  =========                 |
  \\      /  F ield         | OpenFOAM: The Open Source CFD Toolbox
   \\    /   O peration     | Website:  https://openfoam.org
    \\  /    A nd           | Version:  12
     \\/     M anipulation  |
\*---------------------------------------------------------------------------*/
FoamFile
{
    format      binary;
    class       faceSet;
    location    "constant/polyMesh/sets";
    object      nonOrthoFaces;
}
// * * * * * * * * * * * * * * * * * * * * * * * * * * * * * * * * * * * * * //


3168
(
868353 
868356 
868357 
868359 
868364 
868371 
868374 
868376 
868381 
868382 
868385 
868388 
868394 
868395 
868396 
868400 
868401 
868404 
868406 
868411 
868412 
868419 
868421 
868423 
868425 
868428 
868432 
868435 
868443 
868445 
49247 
49248 
868449 
868450 
868452 
49252 
868457 
868468 
868473 
868474 
868475 
868491 
868492 
868496 
868498 
868504 
868506 
868509 
868511 
868514 
868516 
868523 
868525 
868533 
868540 
868541 
868542 
868545 
868555 
868557 
868558 
868571 
868589 
868598 
868600 
868605 
868608 
868613 
868618 
16650 
868620 
868624 
868628 
868629 
868636 
868637 
868638 
868640 
868642 
868644 
868651 
868652 
868660 
868664 
868665 
852285 
868670 
868672 
868675 
868679 
868681 
852297 
852298 
868683 
868685 
868688 
868694 
868695 
868700 
868702 
868705 
868706 
868708 
721264 
868721 
868722 
868724 
868727 
49529 
868745 
868747 
868750 
868751 
868753 
868755 
868757 
868759 
868763 
868765 
868766 
868770 
868774 
868775 
868777 
868781 
868783 
868787 
868789 
868790 
868794 
868801 
868802 
868805 
868808 
868810 
868812 
868814 
868816 
868819 
868820 
868821 
868823 
868825 
868830 
868833 
868834 
868836 
868838 
868840 
868845 
868847 
868849 
868857 
868859 
868861 
868865 
868866 
868868 
868870 
868872 
868875 
868877 
868878 
868879 
868886 
868887 
868889 
868891 
868892 
868894 
868897 
868899 
868900 
868902 
868905 
868906 
868907 
868909 
868910 
868911 
868913 
868914 
868915 
868916 
868917 
868920 
868921 
868922 
868925 
868926 
868927 
868928 
868930 
868932 
868935 
868937 
868947 
868950 
868952 
868956 
868958 
868960 
868969 
852593 
868978 
868980 
868988 
868991 
868993 
868995 
869001 
869013 
869015 
869016 
869019 
869022 
869025 
869034 
17090 
17092 
869069 
869093 
869095 
869097 
869103 
869104 
869105 
869107 
869117 
869119 
869122 
869125 
869139 
869143 
869144 
869145 
869146 
869147 
869148 
869149 
869150 
869151 
869152 
869156 
869157 
869160 
869162 
869164 
869181 
869191 
869193 
869195 
869203 
869204 
869229 
869231 
869240 
869260 
869262 
869263 
869267 
869275 
869276 
869278 
869305 
869307 
869319 
869320 
869321 
869324 
869325 
869343 
869344 
869346 
852979 
869364 
869379 
869380 
869381 
869382 
869383 
869384 
869385 
869386 
869387 
869389 
869390 
869391 
869392 
869394 
869395 
869396 
869397 
869398 
869399 
869400 
869404 
869405 
869408 
869409 
869410 
869412 
869413 
869415 
869416 
869417 
869418 
869420 
869422 
869423 
869424 
869425 
869426 
869427 
869428 
869430 
869432 
869433 
869434 
869435 
869436 
869438 
869439 
869440 
869441 
869442 
869443 
869445 
869446 
853063 
869450 
869454 
869456 
869457 
869459 
869460 
869461 
869464 
869465 
869466 
869467 
869469 
869470 
869471 
148575 
869472 
869474 
869479 
869480 
869481 
869482 
869487 
869488 
869489 
869491 
869493 
869494 
869495 
869496 
869497 
869498 
869499 
869500 
869502 
869503 
869504 
869505 
869507 
869514 
869518 
33934 
869542 
869547 
869548 
869552 
66760 
66761 
869581 
66766 
66767 
869585 
66776 
869617 
869619 
869620 
869631 
869634 
869636 
869637 
869638 
869639 
869640 
869647 
869648 
869649 
869653 
869654 
869656 
869658 
869660 
869662 
869664 
869665 
869666 
869667 
869668 
869670 
869672 
869673 
869674 
869679 
869696 
869704 
869708 
869718 
869731 
869739 
1389 
869745 
869750 
869759 
869778 
869779 
869781 
869789 
853405 
853406 
869791 
869792 
869793 
869794 
869795 
869797 
869798 
869800 
869802 
869803 
869804 
869806 
869807 
869808 
869809 
869810 
869811 
869812 
869813 
869814 
869815 
869816 
869819 
869820 
869822 
869823 
869834 
869841 
50659 
869862 
50664 
50665 
869874 
83443 
83444 
869877 
869878 
869879 
869880 
869882 
869883 
869884 
869885 
869886 
869887 
869889 
869890 
869891 
869894 
869898 
869899 
869902 
869904 
869915 
869922 
869929 
853545 
853546 
853548 
869933 
34354 
132673 
132675 
67149 
869966 
869967 
869974 
869978 
869982 
869983 
869984 
869985 
869986 
869987 
869988 
869990 
869991 
869993 
869994 
869995 
869996 
869998 
869999 
870000 
870001 
870004 
870025 
870027 
870032 
870033 
870034 
870035 
870036 
870037 
870038 
18070 
870039 
870045 
870047 
870062 
870065 
870069 
870071 
870076 
870078 
870080 
870085 
870086 
870090 
870094 
870096 
870097 
870099 
870100 
870103 
870105 
870112 
67303 
870121 
870129 
870138 
870144 
870145 
50947 
50957 
870160 
870161 
870186 
870191 
870194 
870201 
870206 
870212 
870221 
870223 
870235 
870238 
870247 
870271 
1920 
1921 
1923 
1924 
1927 
870283 
870297 
870308 
870329 
870338 
1986 
1987 
1989 
116684 
870396 
870401 
116765 
116767 
116768 
116771 
870437 
116777 
116778 
854094 
854095 
870482 
854100 
870492 
854129 
854132 
854133 
854138 
854145 
854146 
854151 
854160 
854161 
84136 
854188 
870575 
854199 
854206 
854207 
2244 
854229 
854230 
854236 
854238 
854262 
854288 
870675 
18715 
854382 
854394 
854395 
854409 
854410 
870851 
870856 
870881 
870883 
870886 
870888 
870892 
870893 
870895 
854523 
231956 
231957 
871008 
854657 
854670 
854678 
854680 
854700 
854701 
854724 
854725 
854762 
854763 
854764 
854766 
854767 
854768 
854769 
68348 
68351 
68353 
68367 
68377 
84767 
84768 
84769 
19375 
854997 
854998 
855001 
855002 
855009 
855010 
855016 
117748 
52225 
52232 
756766 
68668 
101616 
855360 
855376 
855436 
855437 
855440 
36241 
3593 
3595 
855647 
855648 
3796 
855846 
855847 
855849 
855850 
757577 
3948 
855933 
85889 
85890 
102278 
102280 
102281 
85897 
102283 
102284 
53199 
118899 
118900 
118902 
69760 
856320 
856321 
856328 
856329 
856331 
856332 
856333 
856334 
856342 
856343 
856344 
856345 
839982 
119086 
839984 
856370 
856380 
856381 
20802 
20806 
856394 
20811 
20813 
856404 
856505 
20979 
20981 
20991 
20996 
21002 
840220 
856644 
119375 
21146 
21147 
21151 
21158 
21166 
21169 
86850 
86852 
86853 
856919 
86872 
86915 
119688 
119689 
119702 
119703 
857000 
234486 
857219 
857260 
857279 
857302 
38196 
38197 
38198 
38199 
857549 
857550 
120463 
87695 
120464 
87697 
120469 
38647 
38844 
38846 
38849 
858153 
858157 
858186 
858187 
858200 
858205 
858206 
858210 
858236 
858237 
858323 
841966 
858373 
858376 
858401 
858417 
858440 
858444 
858448 
858658 
88627 
858713 
858751 
858790 
121536 
121538 
858854 
858863 
858894 
858942 
842627 
842628 
72653 
39968 
39969 
39971 
859342 
859344 
859346 
859356 
859357 
859363 
859366 
859367 
859373 
89337 
89372 
859439 
859466 
859509 
859577 
155109 
859672 
122494 
122496 
24342 
24343 
859990 
106360 
73614 
73620 
73628 
860126 
860148 
860150 
73732 
139371 
860268 
139373 
860394 
155904 
155907 
762116 
41314 
41315 
860737 
860758 
860761 
860763 
860766 
860770 
860773 
860776 
860779 
860782 
860784 
860787 
860794 
860797 
860800 
860804 
860807 
860810 
860813 
860819 
860823 
107173 
107174 
860873 
860876 
860878 
860882 
860885 
860888 
860904 
860911 
860914 
860920 
90882 
90888 
860954 
860967 
860968 
860972 
860978 
860979 
860983 
860984 
860990 
713550 
861007 
861012 
861013 
861019 
861021 
861048 
861055 
861056 
861061 
861065 
713618 
861076 
861077 
861082 
861083 
861086 
861102 
861103 
861108 
861112 
861119 
861124 
861125 
861129 
861133 
861136 
861137 
861141 
861142 
861144 
861178 
861179 
861189 
861190 
861191 
861196 
861197 
861198 
861200 
861201 
861202 
861203 
861205 
861208 
861209 
861211 
861213 
861217 
861222 
861223 
861224 
861225 
861226 
861227 
713780 
713788 
713791 
861261 
861264 
861267 
861268 
861269 
861270 
861276 
861279 
861282 
861285 
861290 
861291 
861296 
861299 
861301 
861304 
861307 
861308 
861314 
861316 
861321 
812170 
861331 
861332 
861334 
861335 
861337 
861338 
861340 
861341 
861342 
861348 
861349 
861356 
861360 
861361 
861362 
861365 
861367 
861368 
861372 
861373 
861374 
861375 
861377 
861378 
861385 
861386 
861387 
861389 
861390 
861391 
861393 
861399 
861400 
861401 
861402 
861404 
861405 
861409 
861410 
861412 
861413 
861416 
861417 
861418 
74986 
861420 
74988 
861422 
74991 
861424 
861426 
861428 
861429 
861431 
861435 
861436 
861437 
861439 
861443 
861444 
861445 
861449 
861450 
861452 
861454 
861458 
861459 
861460 
861464 
861466 
861468 
861469 
861470 
861471 
861472 
861474 
861484 
861485 
861491 
861494 
861500 
861502 
861503 
861504 
861505 
861507 
861513 
861518 
861521 
861522 
861525 
861530 
861535 
861539 
861540 
861544 
861546 
861562 
861564 
861565 
861566 
861569 
861570 
861572 
861578 
861579 
861580 
861586 
861588 
861590 
861591 
861597 
861599 
861601 
861602 
861603 
861604 
861610 
861623 
861624 
861625 
861627 
861628 
861630 
861632 
861650 
861651 
861661 
861662 
861708 
861709 
861729 
861731 
861734 
861735 
861736 
861739 
861740 
861741 
861745 
861746 
861747 
75315 
75316 
861749 
861751 
861752 
75320 
861753 
861755 
861758 
861760 
861761 
861762 
861764 
861765 
861767 
861770 
861772 
861774 
861776 
861779 
861780 
861782 
861785 
861786 
861788 
861790 
861792 
861793 
861794 
861795 
861797 
861800 
861801 
861802 
75370 
75371 
861804 
861808 
861809 
763505 
42609 
861811 
42611 
861812 
861814 
42614 
861815 
861816 
861817 
42617 
861818 
861819 
42619 
861823 
861825 
861826 
861828 
861830 
861833 
861836 
861838 
861839 
861840 
861843 
861845 
42645 
861847 
861850 
861853 
861854 
861855 
861857 
861859 
861860 
861863 
861865 
861866 
861868 
861870 
861873 
861875 
861879 
861882 
861889 
861890 
861892 
861893 
861896 
861897 
861898 
861901 
861902 
861903 
861904 
861906 
861907 
861909 
861910 
861912 
861914 
861916 
861917 
861922 
141026 
861923 
861925 
861926 
861927 
861929 
861931 
861934 
861935 
861938 
861939 
861941 
861946 
861947 
861949 
861950 
861951 
861954 
861955 
861957 
861959 
861961 
861963 
861965 
861968 
861969 
861971 
861974 
861976 
861977 
861984 
861986 
861987 
861989 
861991 
861993 
861996 
861997 
861998 
861999 
862002 
862003 
862004 
862005 
862007 
862008 
862010 
862012 
862021 
862024 
862025 
714570 
862027 
714571 
714572 
862029 
862031 
862033 
862034 
862035 
862038 
862040 
862041 
862044 
862046 
862047 
862049 
862052 
862054 
862055 
862056 
862057 
862060 
862061 
862062 
862065 
862066 
862068 
862071 
862075 
862076 
862080 
862081 
862084 
862086 
862088 
862090 
862096 
862097 
862099 
862100 
862102 
862103 
862104 
862106 
862109 
862112 
862113 
862115 
862116 
862118 
862122 
862123 
862126 
862130 
862131 
862132 
862134 
862136 
862137 
862140 
862144 
862145 
862150 
862151 
862153 
862155 
862156 
862160 
862162 
862163 
862164 
862165 
862167 
862170 
862171 
862174 
862175 
862176 
862178 
862179 
862180 
862183 
862186 
862187 
862189 
862190 
862192 
862193 
862196 
862197 
862199 
714745 
862202 
862203 
714747 
862206 
862209 
862212 
862216 
862219 
862220 
862221 
862223 
862225 
862226 
862228 
862231 
862232 
862234 
862236 
862238 
862239 
862241 
862243 
862247 
862248 
862249 
862250 
862253 
862254 
862256 
862258 
862259 
862260 
862262 
862264 
862268 
862270 
862272 
862274 
862275 
862277 
862278 
862281 
862282 
862284 
862287 
862289 
862290 
862292 
862294 
862295 
862296 
862298 
862299 
862302 
862304 
862308 
862310 
862317 
862318 
862320 
862321 
862325 
862327 
862332 
862334 
862338 
862339 
862340 
862342 
862343 
862344 
862346 
862348 
75916 
862349 
75917 
862351 
862352 
75920 
862354 
862355 
862358 
75926 
862359 
862361 
862364 
862365 
862367 
862368 
862370 
862373 
862374 
75942 
862375 
75943 
75944 
75945 
862378 
862380 
75948 
862381 
862383 
862385 
862388 
862389 
862393 
862394 
862396 
862398 
862400 
862402 
862404 
862407 
862408 
862410 
862411 
862413 
862415 
862416 
862418 
862420 
862421 
862424 
862425 
862430 
862432 
862433 
862435 
862438 
862439 
862440 
862442 
862446 
862448 
862449 
862451 
862454 
862456 
862457 
862458 
862460 
862465 
862469 
862471 
862472 
862473 
862477 
862478 
862480 
862481 
862483 
862485 
862486 
862488 
862489 
862490 
862492 
862495 
862497 
862499 
862511 
862513 
862515 
862517 
862518 
862520 
862521 
862522 
862523 
862525 
862526 
862536 
862540 
862541 
862546 
862548 
862558 
862559 
862560 
862562 
862563 
862565 
862566 
862567 
862570 
862573 
862576 
862579 
862582 
174455 
862585 
862588 
862591 
862594 
862598 
862599 
862601 
862603 
862605 
862606 
862607 
862612 
862613 
862616 
862621 
862622 
862625 
862626 
862629 
862631 
862633 
862637 
862638 
862640 
862643 
862644 
862645 
862647 
862649 
862651 
862652 
862654 
862659 
862661 
862662 
862667 
862668 
862669 
862671 
862672 
862673 
862674 
862677 
862678 
862680 
862681 
862683 
862686 
862688 
862689 
862691 
862693 
862694 
862696 
862697 
862698 
862699 
862700 
862703 
862706 
862708 
862712 
862714 
862715 
862717 
862718 
862719 
862722 
862723 
862724 
862726 
862729 
862730 
862732 
862734 
862735 
862741 
862743 
862744 
862746 
862747 
862750 
862752 
862753 
862754 
862759 
862761 
862763 
862764 
715308 
715309 
862767 
862768 
862769 
862771 
862773 
862774 
862777 
862778 
862779 
862783 
862784 
862785 
862788 
862789 
862791 
862793 
862794 
862795 
862797 
862798 
862801 
862804 
862805 
862808 
862810 
862813 
862815 
76383 
862817 
76385 
76387 
862820 
862822 
76390 
862823 
862825 
862826 
862827 
862830 
862833 
862835 
862836 
862838 
862840 
862842 
862843 
862844 
862846 
862849 
862852 
862853 
862854 
862855 
862856 
862858 
862859 
862865 
862866 
862868 
862870 
862872 
862876 
862878 
862879 
862881 
862882 
862883 
862884 
862885 
862918 
862919 
862921 
862922 
862939 
862941 
862943 
862951 
862952 
862965 
862966 
862968 
862970 
862973 
862988 
862989 
862991 
862998 
863000 
863001 
863003 
863004 
863013 
863032 
863033 
863035 
863036 
863037 
863038 
863041 
863049 
863057 
863060 
863062 
863076 
863078 
863079 
863083 
863084 
863087 
863090 
863092 
863095 
863097 
863098 
863101 
863103 
863105 
863106 
863112 
863129 
863132 
863161 
863163 
863164 
863166 
863167 
863173 
863174 
863180 
863195 
158692 
863205 
863206 
863211 
863214 
863220 
863223 
863228 
863229 
863230 
863235 
863242 
863244 
863265 
863280 
863282 
863283 
863285 
863289 
863290 
863291 
863292 
863295 
863299 
863300 
863306 
863307 
863308 
76888 
863323 
863325 
863326 
863328 
863330 
863333 
863334 
863335 
863337 
863339 
863347 
863348 
863354 
863355 
863356 
863358 
863361 
846977 
863363 
863364 
846980 
44164 
846981 
44166 
44168 
846985 
44169 
846986 
44171 
863372 
863373 
846990 
863375 
846991 
863376 
863377 
846994 
863379 
846995 
846996 
863382 
846999 
863385 
847001 
863389 
863390 
863391 
863392 
863393 
863396 
863398 
863399 
863401 
863404 
863407 
863408 
863411 
847028 
863413 
863415 
863417 
863418 
863419 
863425 
863432 
863433 
863434 
863444 
863446 
847064 
847065 
863457 
863459 
863460 
863463 
863468 
847085 
863471 
863475 
863476 
863477 
863478 
863479 
863481 
863483 
863486 
814334 
863487 
814335 
863490 
863491 
814340 
863493 
863496 
863497 
863499 
863500 
77068 
77069 
863502 
77070 
77073 
863510 
863511 
863514 
863515 
863517 
863519 
847138 
863523 
863525 
847142 
863528 
847146 
863531 
863533 
847149 
863534 
863536 
863540 
863541 
863545 
863546 
863548 
863557 
863563 
863564 
863566 
863567 
863569 
863572 
863575 
863578 
863580 
863581 
863592 
863595 
77170 
77171 
863607 
863608 
77176 
863610 
863612 
863614 
863616 
863619 
863620 
863622 
863623 
863625 
863627 
863630 
863631 
863632 
863634 
863635 
863637 
863639 
863642 
847263 
847265 
863652 
863654 
863657 
863660 
863662 
863665 
863684 
863689 
863690 
863699 
863700 
863703 
863704 
863705 
863709 
863711 
863714 
863716 
863721 
863722 
863727 
863728 
863729 
863737 
863739 
863740 
863746 
863749 
863756 
863762 
863764 
863766 
863776 
863777 
847393 
863780 
847398 
863787 
863788 
863792 
863794 
863806 
863826 
863828 
847448 
863838 
863840 
863841 
863843 
863844 
863845 
847487 
863873 
863880 
863881 
11919 
11920 
863889 
863891 
847507 
11925 
863905 
863906 
863907 
863911 
863913 
863915 
863926 
863928 
863936 
863937 
863939 
863940 
863948 
863949 
863950 
863951 
863952 
847568 
863954 
863955 
847576 
863969 
863970 
863972 
863974 
864000 
864002 
864003 
864007 
864011 
864012 
847629 
864025 
864027 
864028 
864029 
864040 
864041 
864043 
864046 
864048 
864051 
864063 
864066 
864068 
864076 
864077 
864078 
864079 
864081 
864083 
864084 
864087 
864088 
864089 
864092 
864093 
864095 
864097 
864099 
864101 
864104 
864106 
864109 
864111 
864113 
864114 
864115 
864116 
864117 
864118 
864119 
864120 
864121 
864125 
864126 
864127 
864128 
864129 
864130 
864131 
864132 
864143 
864145 
864146 
864148 
864150 
864151 
864153 
864154 
864156 
864157 
864158 
864160 
864161 
864162 
864164 
864165 
864167 
864169 
864170 
864171 
864172 
864174 
864175 
864177 
864179 
864181 
864183 
864184 
864187 
864188 
864190 
864192 
864193 
864195 
864196 
864197 
864198 
864200 
864201 
864203 
864205 
864208 
864210 
864211 
864221 
864222 
864224 
864225 
864226 
864227 
864228 
864230 
864232 
864234 
864236 
864237 
864241 
864243 
864244 
864247 
864248 
864249 
864251 
864253 
864256 
864257 
864258 
864260 
864261 
864262 
864264 
864266 
864267 
864269 
864270 
864271 
864273 
864274 
864275 
864276 
864278 
864279 
864281 
864283 
864285 
864286 
864288 
864289 
864291 
864292 
864294 
864295 
864296 
864297 
864299 
864314 
864315 
864331 
864332 
864344 
864347 
864349 
864352 
864361 
864364 
864365 
864375 
864376 
864385 
864389 
864394 
864405 
864409 
864418 
864420 
864422 
864424 
864433 
864435 
864436 
864442 
864443 
864444 
864446 
864472 
94428 
94430 
864490 
864491 
864492 
864503 
864504 
864507 
864508 
864509 
864510 
864515 
864516 
864518 
864521 
864522 
864523 
864524 
864546 
864547 
864548 
864554 
864556 
864557 
864559 
864560 
864561 
864562 
864564 
864565 
864567 
864568 
864571 
864572 
864575 
864577 
864578 
864579 
864581 
864583 
864584 
864586 
864588 
864590 
864593 
864595 
864597 
864599 
864600 
864601 
45402 
864603 
864606 
864607 
864608 
864610 
864612 
864623 
864638 
717207 
864684 
864687 
864694 
864695 
864703 
864706 
864709 
864719 
864743 
864745 
864746 
848364 
864749 
864751 
848368 
864753 
864757 
864762 
864764 
864770 
864779 
864780 
864782 
864783 
864785 
864790 
864791 
864795 
864797 
864800 
864806 
864807 
864808 
864809 
864810 
864812 
864814 
864817 
864818 
864819 
864820 
864822 
864823 
864825 
864826 
864828 
864854 
864855 
864856 
864858 
864862 
864871 
864872 
864878 
864879 
864881 
864882 
864905 
848533 
848534 
848535 
864926 
864930 
864932 
864935 
864936 
864944 
864945 
864956 
864957 
864961 
864962 
864977 
864978 
864982 
45788 
45789 
45793 
848610 
864998 
864999 
848616 
848617 
848629 
865035 
865036 
865037 
865038 
865040 
865042 
865046 
865053 
865055 
865059 
865060 
865061 
865069 
865071 
865081 
865082 
848700 
848701 
848703 
865096 
865100 
865102 
865104 
865107 
865111 
865114 
865115 
865116 
865121 
865125 
865127 
865128 
865130 
865132 
865135 
865137 
865138 
865145 
865148 
865151 
865153 
865154 
848773 
865159 
865160 
848797 
865183 
865184 
865193 
865195 
78770 
865207 
865208 
865212 
865214 
865215 
848840 
848841 
865227 
865228 
865232 
865238 
865239 
865242 
865244 
865246 
865254 
865255 
865258 
865267 
865270 
865274 
865275 
865281 
865282 
865288 
865289 
865291 
865292 
865293 
865300 
865313 
865322 
865323 
865325 
865329 
865336 
865341 
865345 
865346 
865348 
865356 
865358 
865372 
865373 
865378 
865379 
848995 
865380 
848996 
865381 
865385 
865390 
849008 
865393 
865398 
865406 
865407 
865408 
865411 
865412 
865417 
865418 
865419 
865420 
865423 
865437 
865448 
849064 
865453 
865460 
865461 
849078 
849079 
865464 
865465 
849081 
849082 
849083 
849084 
865482 
865483 
865486 
865488 
865489 
865495 
865498 
111838 
111839 
865504 
865505 
865506 
865507 
865511 
865512 
865514 
865516 
865518 
865519 
865521 
865527 
865528 
865536 
849154 
849155 
865540 
865541 
865542 
865543 
865548 
849165 
865552 
865561 
865562 
865563 
865564 
865565 
865571 
865572 
865573 
865575 
865576 
865579 
865583 
865584 
865586 
865592 
865594 
865597 
865598 
865599 
865601 
865608 
865611 
865613 
865616 
767312 
865617 
865625 
865626 
865627 
865628 
865630 
865632 
865633 
865654 
865655 
865657 
865660 
865661 
13694 
13696 
13697 
865668 
13700 
865671 
849314 
13753 
865748 
13796 
13804 
13805 
13811 
865818 
865902 
112421 
767861 
849879 
866405 
866412 
866439 
866448 
866465 
866468 
866469 
866474 
866489 
866490 
866491 
866492 
866707 
63965 
63966 
63971 
63974 
866818 
866854 
850470 
866880 
866881 
866883 
866885 
866887 
866890 
866892 
866893 
866897 
866899 
866900 
866901 
866904 
866906 
866909 
866911 
866913 
866915 
866919 
866924 
866928 
866929 
866930 
866931 
866937 
866938 
866940 
866941 
866943 
866948 
866951 
866952 
866958 
866959 
866961 
866966 
866968 
866970 
866973 
866975 
866976 
866978 
866980 
866982 
866984 
866986 
866988 
866989 
866991 
866994 
866996 
867000 
867001 
867006 
867008 
867009 
867012 
867014 
867015 
867022 
867023 
867026 
867027 
867029 
867030 
867032 
867034 
867035 
867040 
867042 
867043 
867049 
867050 
867052 
867055 
867061 
867064 
867067 
867070 
867073 
867076 
867083 
867085 
867088 
867089 
867096 
867097 
867099 
867111 
867115 
867117 
867120 
867122 
867127 
867129 
867131 
867133 
867135 
867137 
867138 
867141 
867142 
867144 
867147 
867149 
867151 
867152 
867155 
867159 
867165 
867172 
867174 
867175 
867176 
867178 
867180 
867183 
867184 
867190 
867192 
867193 
867196 
867197 
867198 
867200 
867201 
867204 
867205 
867206 
867209 
867212 
867213 
15246 
867215 
867217 
867218 
867219 
15252 
867221 
15253 
867223 
867227 
867228 
867231 
867235 
867236 
867237 
867239 
867241 
867246 
867247 
867250 
867253 
867255 
867256 
867261 
867262 
867264 
867266 
867270 
867273 
867274 
867277 
867284 
867288 
867289 
867291 
867296 
867297 
867299 
867300 
867302 
867303 
867306 
867308 
867309 
867311 
867313 
867317 
867319 
867320 
867321 
867322 
867324 
867328 
867330 
867332 
867337 
867339 
867340 
867343 
867344 
867346 
867348 
867350 
867354 
867355 
867357 
867361 
867364 
867366 
867369 
867370 
867372 
867373 
867377 
867380 
867382 
867383 
867385 
867386 
867389 
867394 
867396 
867398 
867400 
867401 
867404 
867407 
867409 
867411 
867414 
867415 
867416 
867417 
867419 
867420 
867423 
867426 
867427 
867428 
867430 
867435 
867439 
867440 
867442 
867446 
867449 
867450 
867453 
867458 
867459 
867461 
867463 
867466 
867469 
867472 
867477 
867480 
867481 
867485 
867487 
867489 
867491 
867494 
867495 
867496 
867498 
867499 
867502 
867504 
867509 
867510 
867512 
867514 
867517 
64701 
867519 
867521 
867523 
867524 
867527 
867529 
867531 
867539 
867540 
867542 
867544 
867549 
867550 
867553 
867554 
867555 
867557 
867559 
867560 
867564 
867565 
867568 
867569 
867571 
867572 
867574 
867577 
867579 
867582 
867583 
867585 
867587 
867589 
867593 
867594 
867597 
867598 
867602 
867603 
867606 
867612 
867613 
867618 
867620 
867621 
867625 
867626 
867629 
867632 
867634 
867636 
867638 
867642 
867644 
867648 
867649 
867655 
867656 
867657 
867658 
867668 
867669 
867674 
867678 
867679 
867680 
867684 
867687 
867688 
867690 
867693 
867694 
867697 
867698 
867700 
867704 
867706 
867707 
867710 
867712 
867714 
867718 
867720 
867722 
867726 
867729 
867731 
867736 
867737 
867744 
867746 
867747 
867749 
867750 
867758 
867759 
867762 
867764 
867766 
867775 
867776 
867778 
867780 
867781 
867783 
867784 
867789 
867790 
867792 
867794 
867796 
867798 
867803 
867804 
867806 
867810 
867813 
867816 
867818 
867821 
867823 
867827 
867829 
867831 
867833 
867835 
867838 
867841 
867842 
867844 
867845 
867847 
867848 
867850 
15884 
867853 
15886 
15888 
867858 
867859 
867861 
867863 
867873 
867875 
867876 
867879 
867881 
867882 
867890 
867892 
867894 
867897 
867899 
867904 
867906 
867907 
867909 
867914 
867916 
867917 
867921 
867922 
867927 
867928 
867931 
867932 
867934 
867939 
867942 
851558 
867945 
867947 
867948 
867950 
867952 
867954 
867957 
867961 
867962 
867965 
867966 
867968 
867970 
867971 
867972 
867981 
867983 
867984 
867991 
867993 
867994 
867996 
868002 
868003 
868005 
868007 
868011 
868013 
868015 
868017 
868030 
868031 
868033 
868038 
868040 
868041 
868042 
868046 
868050 
868069 
851695 
868095 
868103 
868106 
851730 
851731 
868116 
868117 
868120 
868123 
868148 
851769 
851770 
868159 
868161 
868164 
851781 
851783 
868168 
868177 
868184 
868185 
163690 
851819 
163692 
868205 
868206 
868208 
163697 
868212 
868214 
851830 
868217 
868218 
163706 
868219 
868220 
868228 
868240 
868241 
163730 
868249 
868250 
868252 
868254 
868257 
868258 
868260 
851878 
851879 
868264 
868265 
868269 
868270 
49075 
868279 
868280 
868293 
868294 
868295 
868297 
868299 
868304 
868311 
868312 
851930 
868316 
868324 
868329 
868330 
868332 
868336 
868340 
868341 
868342 
868347 
868348 
868351 
)

// ************************************************************************* //
